11110000000010000000000000000000000000001010100
1111000000110000010000100000000011000101010011100000110001101111100011000000010
11110000000010000000000000000000000100011101101
1111000000110000010000100000000011000101000001000000110001101111100010111111000
11110000000010000000000000000000000111000100000
1111000000110000010000100000000011000100101100100000110001101111100011000000110
11110000000010000000000000000000001001101001110
1111000000110000010000100000000011000100011101100000110001101111100011000100000
11110000000010000000000000000000001011101100010
1111000000110000010000100000000011000100001101100000110001101111100011000011010
11110000000010000000000000000000001110010000010
1111000000110000010000100000000011000011111111100000110001101111100010110111011
11110000000010000000000000000000010000101111000
1111000000110000010000100000000011000011111111100000110001101111100010110000111
11110000000010000000000000000000010010111101111
1111000000110000010000100000000011000011101100000000110001101111100010101110000
11110000000010000000000000000000010101001110100
1111000000110000010000100000000011000011011101000000110001101111100010101110101
11110000000010000000000000000000010111101101011
1111000000110000010000100000000011000011010001100000110001101111100010101101011
11110000000010000000000000000000011010000101111
1111000000110000010000100000000011000011000011100000110001101111100010101000011
11110000000010000000000000000000011100100100011
1111000000110000010000100000000011000010111100000000110001101111100010100110010
11110000000010000000000000000000011111001101011
1111000000110000010000100000000011000010101110100000110001101111100010011100010
11110000000010000000000000000000100001110000110
1111000000110000010000100000000011000010011101000000110001101111100010011101110
11110000000010000000000000000000100100011001001
1111000000110000010000100000000011000010000101100000110001101111100010100000101
11110000000010000000000000000000100110101111010
1111000000110000010000100000000011000001110111100000110001101111100010011111011
11110000000010000000000000000000101001001111000
1111000000110000010000100000000011000001100010000000110001101111100010011110110
11110000000010000000000000000000101011010011110
1111000000110000010000100000000011000001001110100000110001101111100010011000100
11110000000010000000000000000000101101100000011
1111000000110000010000100000000011000001000100000000110001101111100010010000001
11110000000010000000000000000000101111100110011
1111000000110000010000100000000011000000111001000000110001101111100010001100111
11110000000010000000000000000000110001110111100
1111000000110000010000100000000011000000101101100000110001101111100010001010011
11110000000010000000000000000000110100011001011
1111000000110000010000100000000011000000011100000000110001101111100010001001110
11110000000010000000000000000000110110111010100
1111000000110000010000100000000011000000001000000000110001101111100010000010101
11110000000010000000000000000000111000101111111
1111000000110000010000100000000010111111110100000000110001101111100001111100101
11110000000010000000000000000000111011000000010
1111000000110000010000100000000010111111100110100000110001101111100001110100101
11110000000010000000000000000000111101100100110
1111000000110000010000100000000010111111100011000000110001101111100001110000111
11110000000010000000000000000000111111101101001
1111000000110000010000100000000010111111100101100000110001101111100001101101001
11110000000010000000000000000001000010000100011
1111000000110000010000100000000010111111100110100000110001101111100001110010011
11110000000010000000000000000001000100101001110
1111000000110000010000100000000010111111100010100000110001101111100001110010100
11110000000010000000000000000001000111000101110
1111000000110000010000100000000010111111011001000000110001101111100001101010100
11110000000010000000000000000001001001110110111
1111000000110000010000100000000010111111010101000000110001101111100001101011010
11110000000010000000000000000001001100110011111
1111000000110000010000100000000010111111010010100000110001101111100001101010100
11110000000010000000000000000001001111100111101
1111000000110000010000100000000010111111000111100000110001101111100001101101011
11110000000010000000000000000001010010100000111
1111000000110000010000100000000010111111000010100000110001101111100001101110101
11110000000010000000000000000001010101001100101
1111000000110000010000100000000010011001001100000000110001101111001100001101001
11110000000010000000000000000001010111100010101
1111000000110000010000100000000010011001010011000000110001101111001100010001010
11110000000010000000000000000001011010000011010
1111000000110000010000100000000010011001000000100000110001101111001100010101111
11110000000010000000000000000001011100111110000
1111000000110000010000100000000010011001000101100000110001101111001100011001101
11110000000010000000000000000001011111111000100
1111000000110000010000100000000010011001010000100000110001101111001100100001011
11110000000010000000000000000001100010110100001
1111000000110000010000100000000010011001010110000000110001101111001100101010010
11110000000010000000000000000001100101101101111
1111000000110000010000100000000010011001100111100000110001101111001100110100010
11110000000010000000000000000001101000100101110
1111000000110000010000100000000010011001110101000000110001101111001100111100010
11110000000010000000000000000001101011011111011
1111000000110000010000100000000010011010001111100000110001101111001101001101111
11110000000010000000000000000001101110001110101
1111000000110000010000100000000010011010100110000000110001101111001101100010001
11110000000010000000000000000001110000111110011
1111000000110000010000100000000010011011000001100000110001101111001101110011011
11110000000010000000000000000001110011110001010
1111000000110000010000100000000010011011100001100000110001101111001110000111010
11110000000010000000000000000001110110101000001
1111000000110000010000100000000010011110010000100000110001101111001110111100001
11110000000010000000000000000001111001100101110
1111000000110000010000100000000010100000001101100000110001101111001111100001000
11110000000010000000000000000001111100100100000
1111000000110000010000100000000010100010001110100000110001101111010000000001110
11110000000010000000000000000001111111100101000
1111000000110000010000100000000010100011101010000000110001101111010000011110000
11110000000010000000000000000010000010100010001
1111000000110000010000100000000010100100110001000000110001101111010000110110010
11110000000010000000000000000010000101100001111
1111000000110000010000100000000010100101101100000000110001101111010001001011010
11110000000010000000000000000010001000011011000
1111000000110000010000100000000010100110100001100000110001101111010001100010110
11110000000010000000000000000010001011010111000
1111000000110000010000100000000010100110011000100000110001101111010001101010100
11110000000010000000000000000010001110010010000
1111000000110000010000100000000010100110011011100000110001101111010001101101101
11110000000010000000000000000010010001010000110
1111000000110000010000100000000010100110111111100000110001101111010001110101001
11110000000010000000000000000010010100001111000
1111000000110000010000100000000010100111100001100000110001101111010001111101111
11110000000010000000000000000010010111001010111
1111000000110000010000100000000010101000000001100000110001101111010010001000110
11110000000010000000000000000010011010001000101
1111000000110000010000100000000010101000011100000000110001101111010010010010111
11110000000010000000000000000010011101000110100
1111000000110000010000100000000010101000101111000000110001101111010010011001110
11110000000010000000000000000010100000000101011
1111000000110000010000100000000010101001001111100000110001101111010010100000010
11110000000010000000000000000010100011000000110
1111000000110000010000100000000010101001101101100000110001101111010010100110101
11110000000010000000000000000010100101111110110
1111000000110000010000100000000010101010011101000000110001101111010010101101110
11110000000010000000000000000010101000111011100
1111000000110000010000100000000010101011010010100000110001101111010010110100111
11110000000010000000000000000010101011111001101
1111000000110000010000100000000010101011111011100000110001101111010010111010000
11110000000010000000000000000010101110110101110
1111000000110000010000100000000010101100011000100000110001101111010010111110011
11110000000010000000000000000010110001110100011
1111000000110000010000100000000010101100110101000000110001101111010011000010101
11110000000010000000000000000010110100110000110
1111000000110000010000100000000010101101011101000000110001101111010011000110011
11110000000010000000000000000010110111101110000
1111000000110000010000100000000010101101111100100000110001101111010011001001010
11110000000010000000000000000010111010101100110
1111000000110000010000100000000010101110010111000000110001101111010011001100000
11110000000010000000000000000010111101101000011
1111000000110000010000100000000010101110101000100000110001101111010011001111011
11110000000010000000000000000011000000100101101
1111000000110000010000100000000010101110110111100000110001101111010011010010000
11110000000010000000000000000011000011100010011
1111000000110000010000100000000010101111000010100000110001101111010011010011001
11110000000010000000000000000011000110011100110
1111000000110000010000100000000010101111010110100000110001101111010011010110011
11110000000010000000000000000011001001010111101
1111000000110000010000100000000010101111110001000000110001101111010011011100000
11110000000010000000000000000011001100010001110
1111000000110000010000100000000010110000000010100000110001101111010011011110100
11110000000010000000000000000011001111001101000
1111000000110000010000100000000010110000001110100000110001101111010011011111011
11110000000010000000000000000011010010000111000
1111000000110000010000100000000010110000011000100000110001101111010011011111011
11110000000010000000000000000011010101000011100
1111000000110000010000100000000010110000100101000000110001101111010011100001010
11110000000010000000000000000011011000000000000
1111000000110000010000100000000010110000110100100000110001101111010011100100011
11110000000010000000000000000011011010111101000
1111000000110000010000100000000010110001000010000000110001101111010011100101111
11110000000010000000000000000011011101111011010
1111000000110000010000100000000010110001000101100000110001101111010011100101011
11110000000010000000000000000011100000111000010
1111000000110000010000100000000010110001001000100000110001101111010011100101101
11110000000010000000000000000011100011110100101
1111000000110000010000100000000010110001010010100000110001101111010011100110010
11110000000010000000000000000011100110101110110
1111000000110000010000100000000010110001011101100000110001101111010011101000100
11110000000010000000000000000011101001101010100
1111000000110000010000100000000010110001100111100000110001101111010011101010011
11110000000010000000000000000011101100100110001
1111000000110000010000100000000010110001101110000000110001101111010011101010101
11110000000010000000000000000011101111100001111
1111000000110000010000100000000010110001101111000000110001101111010011101001100
11110000000010000000000000000011110010011111100
1111000000110000010000100000000010110001110101000000110001101111010011101000100
11110000000010000000000000000011110101011101101
1111000000110000010000100000000010110001111010000000110001101111010011101000100
11110000000010000000000000000011111000011011111
1111000000110000010000100000000010110010000010000000110001101111010011101010111
11110000000010000000000000000011111011010111100
1111000000110000010000100000000010110010001001000000110001101111010011101101001
11110000000010000000000000000011111110010011100
1111000000110000010000100000000010110010001010100000110001101111010011101110001
11110000000010000000000000000100000001001101001
1111000000110000010000100000000010110010001011100000110001101111010011101110001
11110000000010000000000000000100000100000110011
1111000000110000010000100000000010110010001101000000110001101111010011101111010
11110000000010000000000000000100000111000010111
1111000000110000010000100000000010110010010011000000110001101111010011110011000
11110000000010000000000000000100001001111110011
1111000000110000010000100000000010110010011001100000110001101111010011110110111
11110000000010000000000000000100001100111011001
1111000000110000010000100000000010110010011101000000110001101111010011111000011
11110000000010000000000000000100001111111001000
1111000000110000010000100000000010110010011101100000110001101111010011111001000
11110000000010000000000000000100010010110101101
1111000000110000010000100000000010110010100011100000110001101111010011111011110
11110000000010000000000000000100010101110101010
1111000000110000010000100000000010110010100111100000110001101111010011111111111
11110000000010000000000000000100011000110001110
1111000000110000010000100000000010110010101011000000110001101111010100000011101
11110000000010000000000000000100011011101111011
1111000000110000010000100000000010110010101100000000110001101111010100000110100
11110000000010000000000000000100011110101001000
1111000000110000010000100000000010110010101100000000110001101111010100001001000
11110000000010000000000000000100100001100100010
1111000000110000010000100000000010110010101100100000110001101111010100001101010
11110000000010000000000000000100100100011110110
1111000000110000010000100000000010110010101111000000110001101111010100010110001
11110000000010000000000000000100100111011000010
1111000000110000010000100000000010110010110110000000110001101111010100011110001
11110000000010000000000000000100101010001110111
1111000000110000010000100000000010110010110110000000110001101111010100100010010
11110000000010000000000000000100101101001010001
1111000000110000010000100000000010110010110101000000110001101111010100100111000
11110000000010000000000000000100110000000010101
1111000000110000010000100000000010110010110100000000110001101111010100101010110
11110000000010000000000000000100110011000000110
1111000000110000010000100000000010110010110100000000110001101111010100110000110
11110000000010000000000000000100110101111110010
1111000000110000010000100000000010110010110110100000110001101111010100111010010
11110000000010000000000000000100111000111010101
1111000000110000010000100000000010110010111000100000110001101111010101000100011
11110000000010000000000000000100111011111000001
1111000000110000010000100000000010110010111000100000110001101111010101001011001
11110000000010000000000000000100111110110101101
1111000000110000010000100000000010110010111100100000110001101111010101010101110
11110000000010000000000000000101000001110011010
1111000000110000010000100000000010110010111011100000110001101111010101011011011
11110000000010000000000000000101000100110010001
1111000000110000010000100000000010110010111011000000110001101111010101011010111
11110000000010000000000000000101000111101111001
1111000000110000010000100000000010110010111010000000110001101111010101011000010
11110000000010000000000000000101001010101010000
1111000000110000010000100000000010110010111011000000110001101111010101010000001
11110000000010000000000000000101001101100111100
1111000000110000010000100000000010110010110101000000110001101111010101001001111
11110000000010000000000000000101010000100111101
1111000000110000010000100000000010110010101100100000110001101111010101000100101
11110000000010000000000000000101010011100010001
1111000000110000010000100000000010110010100010000000110001101111010100111111011
11110000000010000000000000000101010110011101010
1111000000110000010000100000000010110010011001100000110001101111010100110101111
11110000000010000000000000000101011001011100111
1111000000110000010000100000000010110010010001000000110001101111010100101101001
11110000000010000000000000000101011100011010101
1111000000110000010000100000000010110010000101100000110001101111010100100110101
11110000000010000000000000000101011111010110001
1111000000110000010000100000000010110001111100100000110001101111010100100011010
11110000000010000000000000000101100010001101010
1111000000110000010000100000000010110001110000000000110001101111010100100000101
11110000000010000000000000000101100101001100001
1111000000110000010000100000000010110001100101000000110001101111010100011110111
11110000000010000000000000000101101000001000111
1111000000110000010000100000000010110001011100100000110001101111010100011100010
11110000000010000000000000000101101011000101110
1111000000110000010000100000000010110001010010100000110001101111010100011001111
11110000000010000000000000000101101110000011001
1111000000110000010000100000000010110001000101100000110001101111010100010101110
11110000000010000000000000000101110001000000001
1111000000110000010000100000000010110000110010000000110001101111010100010000011
11110000000010000000000000000101110011111100000
1111000000110000010000100000000010110000100011000000110001101111010100001010100

